0.5 0.3; 30.0 30.0 30.0; 0.2 0.2 0.2
0.5 0.3; 30.05729578 30.05729578 30.05729578; 0.2 0.2 0.2
0.5 0.3; 38.0 29.0 27.0; 0.2 0.2 0.2
0.5 0.3; 38.05729578 29.05729578 27.05729578; 0.2 0.2 0.2
0.5 0.3; 52.0 32.0 15.0; 0.2 0.2 0.2
0.5 0.3; 52.05729578 32.0 15.05729578; 0.2 0.2 0.2
0.5 0.3; 64.0 32.0 8.0; 0.2 0.2 0.2
0.5 0.3; 64.05729578 32.05729578 8.05729578; 0.2 0.2 0.2
0.5 0.3; 76.0 20.0 -3.0; 0.2 0.2 0.2
0.5 0.3; 76.05729578 20.05729578 -2.94270422; 0.2 0.2 0.2
0.5 0.3; 90.0 8.0 -11.0; 0.2 0.2 0.2
0.5 0.3; 90.05729578 8.05729578 -10.94270422; 0.2 0.2 0.2
0.5 0.3; 104.0 -2.0 -14.0; 0.2 0.2 0.2
0.5 0.3; 104.05729578 -1.94270422 -13.94270422; 0.2 0.2 0.2
0.5 0.3; 115.0 0.0 -27.0; 0.2 0.2 0.2
0.5 0.3; 115.05729578 0.05729578 -26.94270422; 0.2 0.2 0.2
0.5 0.3; 122.0 -13.0 -38.0; 0.2 0.2 0.2
0.5 0.3; 122.05729578 -12.94270422 -37.94270422; 0.2 0.2 0.2
0.5 0.3; 134.0 0.0 -49.0; 0.2 0.2 0.2
0.5 0.3; 134.05729578 0.05729578 -48.94270422; 0.2 0.2 0.2
0.5 0.3; 146.0 -10.0 -43.0; 0.2 0.2 0.2
0.5 0.3; 146.05729578 -9.94270422 -42.94270422; 0.2 0.2 0.2
0.5 0.3; 153.0 -24.0 -38.0; 0.2 0.2 0.2
0.5 0.3; 153.05729578 -23.94270422 -37.94270422; 0.2 0.2 0.2
0.5 0.3; 150.0 -30.0 -30.0; 0.2 0.2 0.2
